Choose one option for SFC:
    1. Random SFC Generation
    2. Custom Input
Enter your choice:
1
Enter the number of SFCs:
5
Choose one option for the length of SFC:
    1. Random Length Generation
    2. Custom Input
Enter your choice:
1

----------------------------------Physical Network---------------------------------------

0	12	29	0	0	0	0	25	0	0	0	0	0	0	15	0	
12	0	0	10	0	0	0	0	0	0	0	0	0	0	0	0	
29	0	0	0	0	26	0	0	0	0	0	0	0	0	0	0	
0	10	0	0	27	0	0	0	0	0	26	0	0	0	22	0	
0	0	0	27	0	12	18	0	0	0	0	0	0	0	0	0	
0	0	26	0	12	0	0	0	0	28	0	0	0	21	0	0	
0	0	0	0	18	0	0	19	0	0	0	0	0	0	0	0	
25	0	0	0	0	0	19	0	14	0	0	0	0	0	0	0	
0	0	0	0	0	0	0	14	0	15	0	13	27	0	0	0	
0	0	0	0	0	28	0	0	15	0	0	0	0	0	0	0	
0	0	0	26	0	0	0	0	0	0	0	13	27	0	0	0	
0	0	0	0	0	0	0	0	13	0	13	0	0	22	0	17	
0	0	0	0	0	0	0	0	27	0	27	0	0	20	0	22	
0	0	0	0	0	21	0	0	0	0	0	22	20	0	0	0	
15	0	0	22	0	0	0	0	0	0	0	0	0	0	0	0	
0	0	0	0	0	0	0	0	0	0	0	17	22	0	0	0	

----------------------------------Network Bandwidth--------------------------------------

0	10	20	0	0	0	0	20	0	0	0	0	0	0	10	0	
10	0	0	10	0	0	0	0	0	0	0	0	0	0	0	0	
20	0	0	0	0	20	0	0	0	0	0	0	0	0	0	0	
0	10	0	0	20	0	0	0	0	0	20	0	0	0	20	0	
0	0	0	20	0	10	10	0	0	0	0	0	0	0	0	0	
0	0	20	0	10	0	0	0	0	20	0	0	0	20	0	0	
0	0	0	0	10	0	0	10	0	0	0	0	0	0	0	0	
20	0	0	0	0	0	10	0	10	0	0	0	0	0	0	0	
0	0	0	0	0	0	0	10	0	10	0	10	20	0	0	0	
0	0	0	0	0	20	0	0	10	0	0	0	0	0	0	0	
0	0	0	20	0	0	0	0	0	0	0	10	20	0	0	0	
0	0	0	0	0	0	0	0	10	0	10	0	0	20	0	10	
0	0	0	0	0	0	0	0	20	0	20	0	0	20	0	20	
0	0	0	0	0	20	0	0	0	0	0	20	20	0	0	0	
10	0	0	20	0	0	0	0	0	0	0	0	0	0	0	0	
0	0	0	0	0	0	0	0	0	0	0	10	20	0	0	0	

--------------------------------------Node Types-----------------------------------------

8	2	2	8	4	8	2	4	8	2	4	8	8	4	2	2	

---------------------------------------VM Cores------------------------------------------

2	6	4	

---------------------------------------VNF Types-----------------------------------------

F: 10
VNF Cores: 2


----------------------------------Transmission medium------------------------------------

1

--------------------------------------Packet size----------------------------------------

100

----------------------Data Generated from Floyd-Warshall Algorithm-----------------------

Shortest Paths

0	12	29	22	49	55	44	25	39	54	48	52	66	74	15	69	
12	0	41	10	37	49	55	37	51	66	36	49	63	70	27	66	
29	41	0	51	38	26	56	54	68	54	77	69	67	47	44	86	
22	10	51	0	27	39	45	47	52	67	26	39	53	60	22	56	
49	37	38	27	0	12	18	37	51	40	53	55	53	33	49	72	
55	49	26	39	12	0	30	49	43	28	56	43	41	21	61	60	
44	55	56	45	18	30	0	19	33	48	59	46	60	51	59	63	
25	37	54	47	37	49	19	0	14	29	40	27	41	49	40	44	
39	51	68	52	51	43	33	14	0	15	26	13	27	35	54	30	
54	66	54	67	40	28	48	29	15	0	41	28	42	49	69	45	
48	36	77	26	53	56	59	40	26	41	0	13	27	35	48	30	
52	49	69	39	55	43	46	27	13	28	13	0	39	22	61	17	
66	63	67	53	53	41	60	41	27	42	27	39	0	20	75	22	
74	70	47	60	33	21	51	49	35	49	35	22	20	0	82	39	
15	27	44	22	49	61	59	40	54	69	48	61	75	82	0	78	
69	66	86	56	72	60	63	44	30	45	30	17	22	39	78	0	


Next Hops

1	2	3	2	2	3	8	8	8	8	2	8	8	8	15	8	
1	2	1	4	4	4	4	1	1	1	4	4	4	4	1	4	
1	1	3	1	6	6	6	1	1	6	1	6	6	6	1	6	
2	2	2	4	5	5	5	2	11	5	11	11	11	5	15	11	
4	4	6	4	5	6	7	7	7	6	4	6	6	6	4	6	
3	5	3	5	5	6	5	5	10	10	14	14	14	14	5	14	
8	5	5	5	5	5	7	8	8	8	8	8	8	5	8	8	
1	1	1	1	7	7	7	8	9	9	9	9	9	9	1	9	
8	8	8	12	8	10	8	8	9	10	12	12	13	12	8	12	
9	9	6	6	6	6	9	9	9	10	9	9	9	6	9	9	
4	4	4	4	4	12	12	12	12	12	11	12	13	12	4	12	
9	11	14	11	14	14	9	9	9	9	11	12	16	14	11	16	
9	11	14	11	14	14	9	9	9	9	11	16	13	14	11	16	
12	6	6	6	6	6	6	12	12	6	12	12	13	14	6	12	
1	1	1	4	4	4	1	1	1	1	4	4	4	4	15	4	
12	12	12	12	12	12	12	12	12	12	12	12	13	12	12	16	

-------------------------------------------Cvn-------------------------------------------

3	1.500000e+00	4	

-------------------------------------------Cfv-------------------------------------------

5	7	2	1	3	8	6	4	8	9	

--------------------------------------Arrival Rate---------------------------------------

0	7	8	0	0	6	1	3	0	7	


----------------------------------------Drop Rate----------------------------------------

0	0	0	0	0	0	0	0	0	0	


--------------------------------------Service Rate---------------------------------------

1	1	1	1	1	1	1	1	1	1	


-------------------------------------------VI--------------------------------------------

22

------------------------------------------Xvn--------------------------------------------

1	0	0	0	0	0	0	0	0	0	0	0	0	0	0	0	
0	1	0	0	0	0	0	0	0	0	0	0	0	0	0	0	
0	0	1	0	0	0	0	0	0	0	0	0	0	0	0	0	
0	0	0	1	0	0	0	0	0	0	0	0	0	0	0	0	
0	0	0	0	0	1	0	0	0	0	0	0	0	0	0	0	
0	0	0	0	0	0	1	0	0	0	0	0	0	0	0	0	
0	0	0	0	0	0	0	0	1	0	0	0	0	0	0	0	
0	0	0	0	0	0	0	0	0	1	0	0	0	0	0	0	
0	0	0	0	0	0	0	0	0	0	0	1	0	0	0	0	
0	0	0	0	0	0	0	0	0	0	0	0	1	0	0	0	
0	0	0	0	0	0	0	0	0	0	0	0	0	0	1	0	
0	0	0	0	0	0	0	0	0	0	0	0	0	0	0	1	
1	0	0	0	0	0	0	0	0	0	0	0	0	0	0	0	
0	0	0	1	0	0	0	0	0	0	0	0	0	0	0	0	
0	0	0	0	0	1	0	0	0	0	0	0	0	0	0	0	
0	0	0	0	0	0	0	0	1	0	0	0	0	0	0	0	
0	0	0	0	0	0	0	0	0	0	0	1	0	0	0	0	
0	0	0	0	0	0	0	0	0	0	0	0	1	0	0	0	
0	0	0	0	1	0	0	0	0	0	0	0	0	0	0	0	
0	0	0	0	0	0	0	1	0	0	0	0	0	0	0	0	
0	0	0	0	0	0	0	0	0	0	1	0	0	0	0	0	
0	0	0	0	0	0	0	0	0	0	0	0	0	1	0	0	


-----------------------------------------VN Map------------------------------------------

1 -> 1
2 -> 2
3 -> 3
4 -> 4
5 -> 6
6 -> 7
7 -> 9
8 -> 10
9 -> 12
10 -> 13
11 -> 15
12 -> 16
13 -> 1
14 -> 4
15 -> 6
16 -> 9
17 -> 12
18 -> 13
19 -> 5
20 -> 8
21 -> 11
22 -> 14

----------------------------------------VM Counts----------------------------------------

12	6	4	

------------------------------------------SFCs-------------------------------------------

length: 6
chain 
8	7	3	6	10	2	


-------------------------------------------FI--------------------------------------------

38

----------------------------------------VNF Freqs----------------------------------------

0	1	1	0	0	1	1	1	0	1	

----------------------------------------VNF Counts---------------------------------------

2	5	5	2	2	5	5	5	2	5	

------------------------------------------VM Capacity---------------------------------------

1	1	1	1	1	1	1	1	1	1	1	1	3	3	3	3	3	3	2	2	2	2	

------------------------------------------VNF Capacity--------------------------------------

0	0	1	1	1	1	1	1	1	1	1	1	0	0	0	0	1	1	1	1	1	1	1	1	1	1	1	1	1	1	1	0	0	1	1	1	1	1	


Mutation iterations

23	17	91	50	65	64	8	21	27	84	93	100	60	57	61	72	62	2	48	75	

