0.0 169.14490828872147 0.0 0.0 151.32745950421557 142.50614021858848 92.63368717696602 138.67948658687772 0.0 0.0 0.0 270.9686328710392 358.1759344232943 0.0 253.23901753086943 0.0 
169.14490828872147 0.0 0.0 0.0 216.44860821913363 147.220922426128 0.0 0.0 0.0 0.0 0.0 200.94277792446286 414.36698710201324 0.0 386.99353999776275 0.0 
0.0 0.0 0.0 83.38465086573187 0.0 183.63550854886427 217.03686322834653 84.581321815162 0.0 0.0 159.11316727411344 0.0 0.0 0.0 0.0 0.0 
0.0 0.0 83.38465086573187 0.0 0.0 0.0 151.02979838429235 84.0535543567314 186.5502613238588 223.80571931923456 125.1718818265508 0.0 0.0 0.0 0.0 0.0 
151.32745950421557 216.44860821913363 0.0 0.0 0.0 0.0 0.0 0.0 0.0 0.0 0.0 175.69291391516052 212.72047386182646 0.0 186.31693428134759 0.0 
142.50614021858848 147.220922426128 183.63550854886427 0.0 0.0 0.0 213.92755783208483 123.17467272130257 0.0 0.0 0.0 0.0 0.0 0.0 0.0 0.0 
92.63368717696602 0.0 217.03686322834653 151.02979838429235 0.0 213.92755783208483 0.0 149.60280746028798 132.24598292575845 266.59519875646674 0.0 334.93432191998477 350.27560577351085 306.43270060488 195.88006534611938 0.0 
138.67948658687772 0.0 84.581321815162 84.0535543567314 0.0 123.17467272130257 149.60280746028798 0.0 0.0 0.0 0.0 0.0 0.0 0.0 0.0 0.0 
0.0 0.0 0.0 186.5502613238588 0.0 0.0 132.24598292575845 0.0 0.0 157.07959765672945 214.39449619801343 0.0 0.0 198.04039991880444 178.08986495586996 81.83520025025906 
0.0 0.0 0.0 223.80571931923456 0.0 0.0 266.59519875646674 0.0 157.07959765672945 0.0 152.3975065412817 0.0 0.0 254.200708102869 323.18725222384626 0.0 
0.0 0.0 159.11316727411344 125.1718818265508 0.0 0.0 0.0 0.0 214.39449619801343 152.3975065412817 0.0 0.0 0.0 0.0 0.0 0.0 
270.9686328710392 200.94277792446286 0.0 0.0 175.69291391516052 0.0 334.93432191998477 0.0 0.0 0.0 0.0 0.0 274.04014304477363 0.0 351.0128202786901 0.0 
358.1759344232943 414.36698710201324 0.0 0.0 212.72047386182646 0.0 350.27560577351085 0.0 0.0 0.0 0.0 274.04014304477363 0.0 359.7777091483017 208.09613163151303 0.0 
0.0 0.0 0.0 0.0 0.0 0.0 306.43270060488 0.0 198.04039991880444 254.200708102869 0.0 0.0 359.7777091483017 0.0 184.71599822430107 135.05924625881784 
253.23901753086943 386.99353999776275 0.0 0.0 186.31693428134759 0.0 195.88006534611938 0.0 178.08986495586996 323.18725222384626 0.0 351.0128202786901 208.09613163151303 184.71599822430107 0.0 0.0 
0.0 0.0 0.0 0.0 0.0 0.0 0.0 0.0 81.83520025025906 0.0 0.0 0.0 0.0 135.05924625881784 0.0 0.0 